_G.scripthere = function()
    game.Players.LocalPlayer.Character = game.Workspace.Dummylolxdnoo -- ideky i need to say this but do not remove this line put your script under this but before the end
    
local rplr = game.Players.LocalPlayer
local RepStorage = game.ReplicatedStorage
--local Remote = RepStorage:WaitForChild(script.Parent.RemoteName.Value)
local lplr = game.Players.LocalPlayer
local ms = lplr:GetMouse()
--local WeldRemote = RepStorage:WaitForChild(script.Parent.WeldRemoteName.Value)
local welds = nil
--local damageremote = game.ReplicatedStorage[script.Parent.DamageRemoteName.Value]


FELOADLIBRARY = {}
loadstring(game:GetObjects("rbxassetid://5209815302")[1].Source)()
local Create = FELOADLIBRARY.Create
--local Settings = game.ReplicatedStorage[script.Parent.FolderName.Value]
--[[saver
coroutine.resume(coroutine.create(function()
	local AutoEquipper=Saver:InvokeServer("AcquireData")
if AutoEquipper then
for _, gotteninfo in pairs(AutoEquipper)do
equipped = gotteninfo.Equipped
end
end

if equipped == true then
weaponweld.Part0 = rarm
weaponweld.C1=clerp(weaponweld.C1,cf(0,1,0)*angles(math.rad(0),math.rad(0),math.rad(0)),.3)
	equipped = true
else
	equipped = false
	weaponweld.C1=clerp(weaponweld.C1,cf(-3,0,-0.5)*angles(math.rad(0),math.rad(0),math.rad(-40)),.5)
weaponweld.Part0 = tors

end
end))
--]]
if lplr ~= rplr then
	local PlayerGui = Instance.new("Folder",rplr)
	PlayerGui.Name = "PlayerGui"
end

local UISB = Instance.new("BindableEvent")
local UISE = Instance.new("BindableEvent")
local KD = Instance.new("BindableEvent")
local KU = Instance.new("BindableEvent")
local B1D = Instance.new("BindableEvent")
local B1U = Instance.new("BindableEvent")
local B2D = Instance.new("BindableEvent")
local B2U = Instance.new("BindableEvent")
local Ht = Instance.new("BindableEvent")
local Trg = Instance.new("BindableEvent")
local mouse = {}
--mouse = lplr:GetMouse()
UserInputService = {InputBegan=UISB.Event,InputEnded=UISE.Event}
mouse.KeyDown = KD.Event
mouse.KeyUp = KU.Event
mouse.Button1Down = B1D.Event
mouse.Button1Up = B1U.Event
mouse.Button2Down = B2D.Event
mouse.Button2Up = B2U.Event
mouse.Hit = Ht
mouse.Target = nil

local resetBindable = Instance.new("BindableEvent")
resetBindable.Event:connect(function(request,key)
	if request == 'KeyDown' then
		KD:Fire(key)
	elseif request == 'KeyUp' then
		KU:Fire(key)
	elseif request == 'Button1Down' then
		B1D:Fire()
	elseif request == 'Button1Up' then
		B1U:Fire()
	elseif request == 'Button2Down' then
		B2D:Fire()
	elseif request == 'Button2Up' then
		B2U:Fire()
	elseif request == 'Hit' then
		mouse.Hit = key
	elseif request == 'Target' then
		mouse.Target = key
	elseif request == 'UISBegan' then
		UISB:Fire(key)
	elseif request == 'UISEnded' then
		UISE:Fire(key)
	end
end)
wait(0.2)

warn([[
Script by SlayKillerX66
Legake Remaster (1.42)

 C - Area Strikes (Enzy/Despair)
 X - Stomp (All modes)
 Z - Frenzic Columm (Frenzy)
 F - Ground Shatter (Doom/Radiance)
 Q - Teleport (All modes)
 E - Despair
 R - Frenzy
 T - Doom
 Y - Radiance
 U - Envy
 G - Undeemed
 J - Galactic]])

local WALKSPEED = 30
local plr = rplr
local C = plr.Character
local Mouse = mouse
local H = C.Humanoid
local ffc=function(a,b)return a:FindFirstChild(b)end
local DebrisService = game:GetService('Debris')
local LARM = C:WaitForChild("Left Arm")
local RARM = C:WaitForChild("Right Arm")
local LLEG = C:WaitForChild("Left Leg")
local RLEG = C:WaitForChild("Right Leg")
local Head = C.Head
local Torso = C.Torso
local Neck = Torso.Neck
local Root = C.HumanoidRootPart
local RootJ = Root.RootJoint
local speed = (Root.Velocity * Vector3.new(1, 0, 1)).magnitude
local velocity = Root.Velocity.y
local Animation = "Idle"
local rad = math.rad
local CURRENTMUSIC = 1841907950
local touch = game:service("Workspace"):FindPartOnRay(Ray.new(Root.Position, 
(CFrame.new(Root.Position, Root.Position - Vector3.new(0, 1, 0))).lookVector.unit * 4), C)
local neartouch = game:service("Workspace"):FindPartOnRay(Ray.new(Root.Position, 
(CFrame.new(Root.Position, Root.Position - Vector3.new(0, 1, 0))).lookVector.unit * 6), C)
local a = 0
local turn = true
local sit = false
local cdMODE = false
local attack = false
local MODE = nil
local WHOOSH = nil
local PUNCH = nil
local MODECOLOUR = nil
local NeckCF = CFrame.new(0, 1, 0, -1, -0, -0, 0, 0, 1, 0, 1, 0)
local RootCF = CFrame.Angles(-1.57, 0, 3.14)
local RHCF = CFrame.Angles(0, 1.6, 0)
local LHCF = CFrame.Angles(0, -1.6, 0) 
local function GetNearbyTorsos(FromPart,range,ignore) -- Detects both r15 and r6

end
local function DamageFromList(list,takedamage,gui,ammount)

end
local function HealFromList(list,heal)

end

CI = {
	Sound = {
		Create = function(id, parent, volume, pitch, play, name, loop, debre, time, position)
			spawn(function() pcall(function()
					local sound = Instance.new("Sound", parent or workspace)
					sound.Volume = volume or 0.5
					sound.Pitch = pitch or 1
					sound.SoundId = id or 0
					sound.TimePosition = position or 0
					sound.Looped = loop or false
					sound.Name = name or "Sound"
					if play == true then sound:play()end
					if debre == true then 
						game:GetService("Debris"):AddItem(sound,time or 5)end
					return sound
				end)
			end)
		end}}

local swait = function()
	game:GetService('RunService').Stepped:wait(0)
end

mas = Instance.new("Model",game:GetService("Lighting"))
Model0 = Instance.new("Model")
Part1 = Instance.new("Part")
SpecialMesh2 = Instance.new("SpecialMesh")
Weld3 = Instance.new("Weld")
Part4 = Instance.new("Part")
SpecialMesh5 = Instance.new("SpecialMesh")
Weld6 = Instance.new("Weld")
Part7 = Instance.new("Part")
SpecialMesh8 = Instance.new("SpecialMesh")
ParticleEmitter9 = Instance.new("ParticleEmitter")
ParticleEmitter10 = Instance.new("ParticleEmitter")
ParticleEmitter11 = Instance.new("ParticleEmitter")
Part12 = Instance.new("Part")
SpecialMesh13 = Instance.new("SpecialMesh")
Weld14 = Instance.new("Weld")
Part15 = Instance.new("Part")
SpecialMesh16 = Instance.new("SpecialMesh")
Weld17 = Instance.new("Weld")
Part18 = Instance.new("Part")
SpecialMesh19 = Instance.new("SpecialMesh")
Weld20 = Instance.new("Weld")
Part21 = Instance.new("Part")
SpecialMesh22 = Instance.new("SpecialMesh")
Weld23 = Instance.new("Weld")
Part24 = Instance.new("Part")
SpecialMesh25 = Instance.new("SpecialMesh")
Weld26 = Instance.new("Weld")
Model27 = Instance.new("Model")
Part28 = Instance.new("Part")
Weld29 = Instance.new("Weld")
Part30 = Instance.new("Part")
Weld31 = Instance.new("Weld")
Part32 = Instance.new("Part")
Weld33 = Instance.new("Weld")
Part34 = Instance.new("Part")
Weld35 = Instance.new("Weld")
Part36 = Instance.new("Part")
Weld37 = Instance.new("Weld")
Part38 = Instance.new("Part")
Weld39 = Instance.new("Weld")
Part40 = Instance.new("Part")
Weld41 = Instance.new("Weld")
Part42 = Instance.new("Part")
Weld43 = Instance.new("Weld")
Part44 = Instance.new("Part")
Weld45 = Instance.new("Weld")
Part46 = Instance.new("Part")
Weld47 = Instance.new("Weld")
Part48 = Instance.new("Part")
Weld49 = Instance.new("Weld")
Part50 = Instance.new("Part")
Weld51 = Instance.new("Weld")
Part52 = Instance.new("Part")
Weld53 = Instance.new("Weld")
Part54 = Instance.new("Part")
Weld55 = Instance.new("Weld")
Part56 = Instance.new("Part")
Weld57 = Instance.new("Weld")
Part58 = Instance.new("Part")
Weld59 = Instance.new("Weld")
Part60 = Instance.new("Part")
Weld61 = Instance.new("Weld")
Part62 = Instance.new("Part")
Weld63 = Instance.new("Weld")
Part64 = Instance.new("Part")
Weld65 = Instance.new("Weld")
Part66 = Instance.new("Part")
Weld67 = Instance.new("Weld")
Part68 = Instance.new("Part")
Weld69 = Instance.new("Weld")
Part70 = Instance.new("Part")
Weld71 = Instance.new("Weld")
Part72 = Instance.new("Part")
Weld73 = Instance.new("Weld")
Part74 = Instance.new("Part")
Weld75 = Instance.new("Weld")
Part76 = Instance.new("Part")
Weld77 = Instance.new("Weld")
Part78 = Instance.new("Part")
Weld79 = Instance.new("Weld")
Part80 = Instance.new("Part")
Weld81 = Instance.new("Weld")
Part82 = Instance.new("Part")
Weld83 = Instance.new("Weld")
Part84 = Instance.new("Part")
Weld85 = Instance.new("Weld")
Part86 = Instance.new("Part")
Weld87 = Instance.new("Weld")
Part88 = Instance.new("Part")
Weld89 = Instance.new("Weld")
Part90 = Instance.new("Part")
Weld91 = Instance.new("Weld")
Model0.Name = "BaneRevamp"
Model0.Parent = mas
Model0.PrimaryPart = Part7
Part1.Parent = Model0
Part1.CFrame = CFrame.new(-138.558594, 713.260742, -0.550187528, -0.981388927, 0.192030728, -7.08789685e-07, -0.192030728, -0.981388927, -8.67510437e-07, -8.62186994e-07, -7.15255737e-07, 1)
Part1.Orientation = Vector3.new(0, 0, -168.929993)
Part1.Position = Vector3.new(-138.558594, 713.260742, -0.550187528)
Part1.Rotation = Vector3.new(0, 0, -168.929993)
Part1.Color = Color3.new(1, 1, 0)
Part1.Velocity = Vector3.new(0, -460.100372, 0)
Part1.Size = Vector3.new(3.96977401, 0.205545485, 0.178802058)
Part1.BottomSurface = Enum.SurfaceType.Smooth
Part1.BrickColor = BrickColor.new("New Yeller")
Part1.CanCollide = false
Part1.Material = Enum.Material.Neon
Part1.TopSurface = Enum.SurfaceType.Smooth
Part1.brickColor = BrickColor.new("New Yeller")
SpecialMesh2.Parent = Part1
SpecialMesh2.MeshType = Enum.MeshType.Sphere
Weld3.Parent = Part1
Weld3.C1 = CFrame.new(0.00891113281, -0.005859375, 0.0141220093, 1, 0, 0, 0, 1, 0, 0, 0, 1)
Weld3.Part0 = Part7
Weld3.Part1 = Part1
Weld3.part1 = Part1
Part4.Parent = Model0
Part4.CFrame = CFrame.new(-138.547806, 713.292786, -0.550187469, 0.192030728, 0.981388927, -7.08789685e-07, -0.981388927, 0.192030728, -8.67510437e-07, -7.15255737e-07, 8.62186994e-07, 1)
Part4.Orientation = Vector3.new(0, 0, -78.9300003)
Part4.Position = Vector3.new(-138.547806, 713.292786, -0.550187469)
Part4.Rotation = Vector3.new(0, 0, -78.9300003)
Part4.Color = Color3.new(1, 1, 0)
Part4.Velocity = Vector3.new(0, -460.100372, 0)
Part4.Size = Vector3.new(3.96036553, 0.205545485, 0.178802058)
Part4.BottomSurface = Enum.SurfaceType.Smooth
Part4.BrickColor = BrickColor.new("New Yeller")
Part4.CanCollide = false
Part4.Material = Enum.Material.Neon
Part4.TopSurface = Enum.SurfaceType.Smooth
Part4.brickColor = BrickColor.new("New Yeller")
SpecialMesh5.Parent = Part4
SpecialMesh5.MeshType = Enum.MeshType.Sphere
Weld6.Parent = Part4
Weld6.C1 = CFrame.new(0.0234985352, -0.0256500244, 0.0141220093, 0, 1, -0, -1, 0, 0, 0, 0, 1)
Weld6.Part0 = Part7
Weld6.Part1 = Part4
Weld6.part1 = Part4
Part7.Name = "Center"
Part7.Parent = Model0
Part7.CFrame = CFrame.new(-138.568466, 713.264771, -0.536065519, -0.981388927, 0.192030728, -7.08789685e-07, -0.192030728, -0.981388927, -8.67510437e-07, -8.62186994e-07, -7.15255737e-07, 1)
Part7.Orientation = Vector3.new(0, 0, -168.929993)
Part7.Position = Vector3.new(-138.568466, 713.264771, -0.536065519)
Part7.Rotation = Vector3.new(0, 0, -168.929993)
Part7.Color = Color3.new(1, 1, 0)
Part7.Velocity = Vector3.new(0, -460.100372, 0)
Part7.Size = Vector3.new(0.800000012, 0.800000012, 0.300000012)
Part7.BottomSurface = Enum.SurfaceType.Smooth
Part7.BrickColor = BrickColor.new("New Yeller")
Part7.CanCollide = false
Part7.Material = Enum.Material.Neon
Part7.TopSurface = Enum.SurfaceType.Smooth
Part7.brickColor = BrickColor.new("New Yeller")
SpecialMesh8.Parent = Part7
SpecialMesh8.MeshType = Enum.MeshType.Sphere
ParticleEmitter9.Name = "Charge"
ParticleEmitter9.Parent = Part7
ParticleEmitter9.Speed = NumberRange.new(0, 0)
ParticleEmitter9.Rotation = NumberRange.new(37, 999)
ParticleEmitter9.Color = ColorSequence.new(Color3.new(1, 1, 0),Color3.new(0.99, 1, 0.99))
ParticleEmitter9.LightEmission = 1
ParticleEmitter9.Texture = "rbxassetid://1084976679"
ParticleEmitter9.Transparency = NumberSequence.new(1,0)
ParticleEmitter9.Size = NumberSequence.new(2.5,0)
ParticleEmitter9.Lifetime = NumberRange.new(1, 1)
ParticleEmitter9.Rate = 100
ParticleEmitter10.Name = "Holy Rays"
ParticleEmitter10.Parent = Part7
ParticleEmitter10.Speed = NumberRange.new(0, 0)
ParticleEmitter10.Rotation = NumberRange.new(37, 999)
ParticleEmitter10.LightEmission = 1
ParticleEmitter10.Texture = "rbxassetid://1053548563"
ParticleEmitter10.Transparency = NumberSequence.new(1,0.73749995231628)
ParticleEmitter10.Size = NumberSequence.new(3,3)
ParticleEmitter10.Lifetime = NumberRange.new(1, 1)
ParticleEmitter10.LockedToPart = true
ParticleEmitter10.Rate = 4
ParticleEmitter10.RotSpeed = NumberRange.new(-10, -10)
ParticleEmitter11.Name = "Plasma"
ParticleEmitter11.Parent = Part7
ParticleEmitter11.Speed = NumberRange.new(0, 0)
ParticleEmitter11.Color = ColorSequence.new(Color3.new(1, 1, 0),Color3.new(1, 1, 1))
ParticleEmitter11.LightEmission = 0.5
ParticleEmitter11.Texture = "rbxassetid://348120961"
ParticleEmitter11.Transparency = NumberSequence.new(0,1)
ParticleEmitter11.ZOffset = 1
ParticleEmitter11.Size = NumberSequence.new(0.15000000596046,0)
ParticleEmitter11.Lifetime = NumberRange.new(1, 1)
ParticleEmitter11.Rate = 200
Part12.Parent = Model0
Part12.CFrame = CFrame.new(-138.614136, 713.295593, -0.536065519, -0.829702497, -0.558206022, -7.08789685e-07, 0.558206022, -0.829702497, -8.67510437e-07, -1.03835021e-07, -1.11542624e-06, 1)
Part12.Orientation = Vector3.new(0, 0, 146.069992)
Part12.Position = Vector3.new(-138.614136, 713.295593, -0.536065519)
Part12.Rotation = Vector3.new(0, 0, 146.069992)
Part12.Color = Color3.new(1, 1, 0)
Part12.Velocity = Vector3.new(0, -460.100372, 0)
Part12.Size = Vector3.new(2.01000023, 0.25, 0.25)
Part12.BottomSurface = Enum.SurfaceType.Smooth
Part12.BrickColor = BrickColor.new("New Yeller")
Part12.CanCollide = false
Part12.Material = Enum.Material.Neon
Part12.TopSurface = Enum.SurfaceType.Smooth
Part12.brickColor = BrickColor.new("New Yeller")
SpecialMesh13.Parent = Part12
SpecialMesh13.MeshType = Enum.MeshType.Sphere
Weld14.Parent = Part12
Weld14.C1 = CFrame.new(-0.0550842285, 6.10351563e-05, 0, 0.707068086, -0.707145572, 0, 0.707145572, 0.707068086, 0, 0, 0, 1)
Weld14.Part0 = Part7
Weld14.Part1 = Part12
Weld14.part1 = Part12
Part15.Parent = Model0
Part15.CFrame = CFrame.new(-138.585205, 713.239929, -0.536065578, -0.558115125, 0.829763591, -7.08789685e-07, -0.829763591, -0.558115125, -8.67510437e-07, -1.11541476e-06, 1.03957177e-07, 1)
Part15.Orientation = Vector3.new(0, 0, -123.93)
Part15.Position = Vector3.new(-138.585205, 713.239929, -0.536065578)
Part15.Rotation = Vector3.new(0, 0, -123.93)
Part15.Color = Color3.new(1, 1, 0)
Part15.Velocity = Vector3.new(0, -460.100372, 0)
Part15.Size = Vector3.new(2.06000018, 0.25, 0.25)
Part15.BottomSurface = Enum.SurfaceType.Smooth
Part15.BrickColor = BrickColor.new("New Yeller")
Part15.CanCollide = false
Part15.Material = Enum.Material.Neon
Part15.TopSurface = Enum.SurfaceType.Smooth
Part15.brickColor = BrickColor.new("New Yeller")
SpecialMesh16.Parent = Part15
SpecialMesh16.MeshType = Enum.MeshType.Sphere
Weld17.Parent = Part15
Weld17.C1 = CFrame.new(-0.0299377441, 3.05175781e-05, 0, 0.707068086, 0.707145572, 0, -0.707145572, 0.707068086, -0, -0, 0, 1)
Weld17.Part0 = Part7
Weld17.Part1 = Part15
Weld17.part1 = Part15
Part18.Name = "Circle"
Part18.Parent = Model0
Part18.CFrame = CFrame.new(-138.619293, 713.254883, -0.558601975, 0.192030728, 7.08789685e-07, 0.981388927, -0.981388927, 8.67510437e-07, 0.192030728, -7.15255737e-07, -1, 8.62186994e-07)
Part18.Orientation = Vector3.new(-11.0699997, 90, -90)
Part18.Position = Vector3.new(-138.619293, 713.254883, -0.558601975)
Part18.Rotation = Vector3.new(-90, 78.9300003, 0)
Part18.Color = Color3.new(0.0666667, 0.0666667, 0.0666667)
Part18.Velocity = Vector3.new(0, -460.100372, 0)
Part18.Size = Vector3.new(2.29999995, 0.230000004, 2.29999995)
Part18.BottomSurface = Enum.SurfaceType.Smooth
Part18.BrickColor = BrickColor.new("Really black")
Part18.CanCollide = false
Part18.TopSurface = Enum.SurfaceType.Smooth
Part18.brickColor = BrickColor.new("Really black")
SpecialMesh19.Parent = Part18
SpecialMesh19.MeshId = "rbxassetid://989468093"
SpecialMesh19.Scale = Vector3.new(2.4000001, 2, 2.4000001)
SpecialMesh19.MeshType = Enum.MeshType.FileMesh
Weld20.Parent = Part18
Weld20.C1 = CFrame.new(6.10351563e-05, -0.022536397, 0.0517730713, 0, 1, 0, 0, 0, -1, -1, 0, 0)
Weld20.Part0 = Part7
Weld20.Part1 = Part18
Weld20.part1 = Part18
Part21.Name = "Float1"
Part21.Parent = Model0
Part21.CFrame = CFrame.new(-138.568466, 713.264771, 0.540770471, -5.06965889e-13, 1.57097668e-06, 1, -1, 1.85926808e-07, 2.98015976e-08, -1.522547e-07, -1, 1.54325471e-06)
Part21.Orientation = Vector3.new(0, 90, -90)
Part21.Position = Vector3.new(-138.568466, 713.264771, 0.540770471)
Part21.Rotation = Vector3.new(-90, 90, 0)
Part21.Color = Color3.new(0.0666667, 0.0666667, 0.0666667)
Part21.Velocity = Vector3.new(0, -460.100372, 0)
Part21.Size = Vector3.new(2.28591204, 0.30102551, 1.25160253)
Part21.BottomSurface = Enum.SurfaceType.Smooth
Part21.BrickColor = BrickColor.new("Really black")
Part21.CanCollide = false
Part21.TopSurface = Enum.SurfaceType.Smooth
Part21.brickColor = BrickColor.new("Really black")
SpecialMesh22.Parent = Part21
SpecialMesh22.MeshId = "rbxassetid://548881795"
SpecialMesh22.Scale = Vector3.new(0.00752563449, 0.00188140816, 0.00752843777)
SpecialMesh22.MeshType = Enum.MeshType.FileMesh
Weld23.Parent = Part21
Weld23.C1 = CFrame.new(0, 1.07683599, 0, 0.192030728, 0.981388927, 7.15255737e-07, -7.15255737e-07, 8.34465027e-07, -1, -0.981388927, 0.192030698, 8.34465027e-07)
Weld23.Part0 = Part7
Weld23.Part1 = Part21
Weld23.part1 = Part21
Part24.Name = "Float2"
Part24.Parent = Model0
Part24.CFrame = CFrame.new(-138.568481, 713.264771, 0.0407705307, 0.642802238, 1.63098139e-05, -0.766032457, 0.766032457, -2.54755341e-05, 0.642802119, -9.13184613e-06, -1.00000012, -2.91915949e-05)
Part24.Orientation = Vector3.new(-40, -90, 90)
Part24.Position = Vector3.new(-138.568481, 713.264771, 0.0407705307)
Part24.Rotation = Vector3.new(-90, -50, 0)
Part24.Color = Color3.new(0.0666667, 0.0666667, 0.0666667)
Part24.Velocity = Vector3.new(0, -460.100372, 0)
Part24.Size = Vector3.new(2.28591204, 0.30102551, 1.25160253)
Part24.BottomSurface = Enum.SurfaceType.Smooth
Part24.BrickColor = BrickColor.new("Really black")
Part24.CanCollide = false
Part24.TopSurface = Enum.SurfaceType.Smooth
Part24.brickColor = BrickColor.new("Really black")
SpecialMesh25.Parent = Part24
SpecialMesh25.MeshId = "rbxassetid://548881795"
SpecialMesh25.Scale = Vector3.new(0.00752563449, 0.00188140816, 0.00752843777)
SpecialMesh25.MeshType = Enum.MeshType.FileMesh
Weld26.Parent = Part24
Weld26.C1 = CFrame.new(0, 0.57683599, 0, -0.77794075, -0.628338039, -1.02519989e-05, -1.02519989e-05, 2.88486481e-05, -1.00000012, 0.628338039, -0.777940631, -2.92062759e-05)
Weld26.Part0 = Part7
Weld26.Part1 = Part24
Weld26.part1 = Part24
Model27.Name = "InnerCircle"
Model27.Parent = Model0
Part28.Parent = Model27
Part28.CFrame = CFrame.new(-139.389847, 713.749878, -0.553516865, 0.829770148, -3.81765767e-06, -0.558105469, -0.558105469, -1.61736989e-05, -0.829770148, -5.88629655e-06, 1, -1.55397374e-05)
Part28.Orientation = Vector3.new(56.079998, -90, -90)
Part28.Position = Vector3.new(-139.389847, 713.749878, -0.553516865)
Part28.Rotation = Vector3.new(90, -33.9199982, 0)
Part28.Color = Color3.new(0.105882, 0.164706, 0.207843)
Part28.Velocity = Vector3.new(0, -460.100372, 0)
Part28.Size = Vector3.new(0.132704243, 0.132704243, 0.265408486)
Part28.BottomSurface = Enum.SurfaceType.Smooth
Part28.BrickColor = BrickColor.new("Black")
Part28.CanCollide = false
Part28.TopSurface = Enum.SurfaceType.Smooth
Part28.brickColor = BrickColor.new("Black")
Weld29.Parent = Part28
Weld29.C1 = CFrame.new(0.952301025, 0.0174560547, -0.0558776855, -0.707153797, 0.70705986, -5.9902668e-06, 5.9902668e-06, 1.4424324e-05, 1, 0.70705986, 0.707153797, -1.4424324e-05)
Weld29.Part0 = Part7
Weld29.Part1 = Part28
Weld29.part1 = Part28
Part30.Parent = Model27
Part30.CFrame = CFrame.new(-139.027328, 714.065796, -0.553491473, -0.439536422, -1.32810273e-05, 0.898224831, 0.898224831, -2.61639052e-05, 0.439536422, 1.76636204e-05, 1, 2.3429302e-05)
Part30.Orientation = Vector3.new(-26.0699997, 90, 90)
Part30.Position = Vector3.new(-139.027328, 714.065796, -0.553491473)
Part30.Rotation = Vector3.new(-90, 63.9300003, 180)
Part30.Color = Color3.new(0.105882, 0.164706, 0.207843)
Part30.Velocity = Vector3.new(0, -460.100372, 0)
Part30.Size = Vector3.new(0.132704243, 0.132704243, 0.265408486)
Part30.BottomSurface = Enum.SurfaceType.Smooth
Part30.BrickColor = BrickColor.new("Black")
Part30.CanCollide = false
Part30.TopSurface = Enum.SurfaceType.Smooth
Part30.brickColor = BrickColor.new("Black")
Weld31.Parent = Part30
Weld31.C1 = CFrame.new(-0.921203613, 0.0174407959, 0.0600738525, 0.25886941, -0.965912342, 1.719594e-05, 1.719594e-05, 2.24113464e-05, 1, -0.965912342, -0.25886941, 2.24113464e-05)
Weld31.Part0 = Part7
Weld31.Part1 = Part30
Weld31.part1 = Part30
Part32.Parent = Model27
Part32.CFrame = CFrame.new(-139.229248, 713.931763, -0.553531349, -0.656944811, 6.99438488e-06, 0.753938675, 0.753938675, 2.15326236e-05, 0.656944811, -1.16729107e-05, 1, -1.93997075e-05)
Part32.Orientation = Vector3.new(-41.0699997, 90, 90)
Part32.Position = Vector3.new(-139.229248, 713.931763, -0.553531349)
Part32.Rotation = Vector3.new(-90, 48.9300003, -180)
Part32.Color = Color3.new(0.105882, 0.164706, 0.207843)
Part32.Velocity = Vector3.new(0, -460.100372, 0)
Part32.Size = Vector3.new(0.132704243, 0.132704243, 0.265408486)
Part32.BottomSurface = Enum.SurfaceType.Smooth
Part32.BrickColor = BrickColor.new("Black")
Part32.CanCollide = false
Part32.TopSurface = Enum.SurfaceType.Smooth
Part32.brickColor = BrickColor.new("Black")
Weld33.Parent = Part32
Weld33.C1 = CFrame.new(-0.936950684, 0.0174560547, 0.0600280762, 0.499938965, -0.866060615, -1.18613243e-05, -1.18613243e-05, -2.05039978e-05, 1, -0.866060615, -0.499938965, -2.05039978e-05)
Weld33.Part0 = Part7
Weld33.Part1 = Part32
Weld33.part1 = Part32
Part34.Parent = Model27
Part34.CFrame = CFrame.new(-139.545807, 713.294922, -0.553505838, -0.997653544, 8.81445317e-08, 0.0684642345, 0.0684642196, -1.370886e-05, 0.997653484, 1.03609807e-06, 0.99999994, 1.36693952e-05)
Part34.Orientation = Vector3.new(-86.0699997, 89.9899979, 90.0099945)
Part34.Position = Vector3.new(-139.545807, 713.294922, -0.553505838)
Part34.Rotation = Vector3.new(-90, 3.92999983, -180)
Part34.Color = Color3.new(0.105882, 0.164706, 0.207843)
Part34.Velocity = Vector3.new(0, -460.100372, 0)
Part34.Size = Vector3.new(0.132704243, 0.132704243, 0.265408486)
Part34.BottomSurface = Enum.SurfaceType.Smooth
Part34.BrickColor = BrickColor.new("Black")
Part34.CanCollide = false
Part34.TopSurface = Enum.SurfaceType.Smooth
Part34.brickColor = BrickColor.new("Black")
Weld35.Parent = Part34
Weld35.C1 = CFrame.new(-0.977111816, 0.0174408555, 0.0368041992, 0.965938926, -0.258770168, 1.68383121e-06, 1.68383121e-06, 1.2755394e-05, 0.99999994, -0.258770168, -0.965938866, 1.2755394e-05)
Weld35.Part0 = Part7
Weld35.Part1 = Part34
Weld35.part1 = Part34
Part36.Parent = Model27
Part36.CFrame = CFrame.new(-139.497711, 713.532715, -0.55351007, -0.945932627, -2.1675869e-06, 0.324363172, 0.324363172, -2.20457932e-05, 0.945932746, 5.10944983e-06, 1.00000012, 2.15545097e-05)
Part36.Orientation = Vector3.new(-71.0699997, 90, 90)
Part36.Position = Vector3.new(-139.497711, 713.532715, -0.55351007)
Part36.Rotation = Vector3.new(-90, 18.9300003, 180)
Part36.Color = Color3.new(0.105882, 0.164706, 0.207843)
Part36.Velocity = Vector3.new(0, -460.100372, 0)
Part36.Size = Vector3.new(0.132704243, 0.132704243, 0.265408486)
Part36.BottomSurface = Enum.SurfaceType.Smooth
Part36.BrickColor = BrickColor.new("Black")
Part36.CanCollide = false
Part36.TopSurface = Enum.SurfaceType.Smooth
Part36.brickColor = BrickColor.new("Black")
Weld37.Parent = Part36
Weld37.C1 = CFrame.new(-0.965911865, 0.0174484253, 0.0479736328, 0.866040111, -0.499974549, 5.49852848e-06, 5.49852848e-06, 2.05039978e-05, 1.00000012, -0.499974549, -0.86604017, 2.05039978e-05)
Weld37.Part0 = Part7
Weld37.Part1 = Part36
Weld37.part1 = Part36
Part38.Parent = Model27
Part38.CFrame = CFrame.new(-139.530731, 713.05304, -0.553507209, -0.981388927, -7.08789685e-07, -0.192030728, -0.192030728, -8.67510437e-07, 0.981388927, -8.62186994e-07, 1, 7.15255737e-07)
Part38.Orientation = Vector3.new(-78.9300003, -90, -90)
Part38.Position = Vector3.new(-139.530731, 713.05304, -0.553507209)
Part38.Rotation = Vector3.new(-90, -11.0699997, 180)
Part38.Color = Color3.new(0.105882, 0.164706, 0.207843)
Part38.Velocity = Vector3.new(0, -460.100372, 0)
Part38.Size = Vector3.new(0.132704243, 0.132704243, 0.265408486)
Part38.BottomSurface = Enum.SurfaceType.Smooth
Part38.BrickColor = BrickColor.new("Black")
Part38.CanCollide = false
Part38.TopSurface = Enum.SurfaceType.Smooth
Part38.brickColor = BrickColor.new("Black")
Weld39.Parent = Part38
Weld39.C1 = CFrame.new(-0.985015869, 0.0174407959, 0.0230102539, 1, 0, -0, 0, 0, 1, 0, -1, 0)
Weld39.Part0 = Part7
Weld39.Part1 = Part38
Weld39.part1 = Part38
Part40.Parent = Model27
Part40.CFrame = CFrame.new(-138.797424, 714.143066, -0.553505719, -0.192030728, -7.08789685e-07, 0.981388927, 0.981388927, -8.67510437e-07, 0.192030728, 7.15255737e-07, 1, 8.62186994e-07)
Part40.Orientation = Vector3.new(-11.0699997, 90, 90)
Part40.Position = Vector3.new(-138.797424, 714.143066, -0.553505719)
Part40.Rotation = Vector3.new(-90, 78.9300003, 180)
Part40.Color = Color3.new(0.105882, 0.164706, 0.207843)
Part40.Velocity = Vector3.new(0, -460.100372, 0)
Part40.Size = Vector3.new(0.132704243, 0.132704243, 0.265408486)
Part40.BottomSurface = Enum.SurfaceType.Smooth
Part40.BrickColor = BrickColor.new("Black")
Part40.CanCollide = false
Part40.TopSurface = Enum.SurfaceType.Smooth
Part40.brickColor = BrickColor.new("Black")
Weld41.Parent = Part40
Weld41.C1 = CFrame.new(-0.905944824, 0.0174407959, 0.0560302734, 0, -1, 0, 0, 0, 1, -1, 0, 0)
Weld41.Part0 = Part7
Weld41.Part1 = Part40
Weld41.part1 = Part40
Part42.Parent = Model27
Part42.CFrame = CFrame.new(-139.453461, 712.823242, -0.553508997, -0.898269951, 3.39313101e-06, -0.439444125, -0.439444125, -1.30621656e-05, 0.898269892, -2.70173814e-06, 0.99999994, 1.32231789e-05)
Part42.Orientation = Vector3.new(-63.9300003, -90, -90)
Part42.Position = Vector3.new(-139.453461, 712.823242, -0.553508997)
Part42.Rotation = Vector3.new(-90, -26.0699997, -180)
Part42.Color = Color3.new(0.105882, 0.164706, 0.207843)
Part42.Velocity = Vector3.new(0, -460.100372, 0)
Part42.Size = Vector3.new(0.132704243, 0.132704243, 0.265408486)
Part42.BottomSurface = Enum.SurfaceType.Smooth
Part42.BrickColor = BrickColor.new("Black")
Part42.CanCollide = false
Part42.TopSurface = Enum.SurfaceType.Smooth
Part42.brickColor = BrickColor.new("Black")
Weld43.Parent = Part42
Weld43.C1 = CFrame.new(-0.988983154, 0.0174407363, 0.00769042969, 0.965938926, 0.258770168, -1.68383121e-06, -1.68383121e-06, 1.2755394e-05, 0.99999994, 0.258770168, -0.965938866, 1.2755394e-05)
Weld43.Part0 = Part7
Weld43.Part1 = Part42
Weld43.part1 = Part42
Part44.Parent = Model27
Part44.CFrame = CFrame.new(-139.319336, 712.621216, -0.553512692, -0.753911734, 8.62480283e-06, -0.656975806, -0.656975806, -1.99340193e-05, 0.753911734, -6.60282694e-06, 1.00000012, 2.06923669e-05)
Part44.Orientation = Vector3.new(-48.9300003, -90, -90)
Part44.Position = Vector3.new(-139.319336, 712.621216, -0.553512692)
Part44.Rotation = Vector3.new(-90, -41.0699997, -180)
Part44.Color = Color3.new(0.105882, 0.164706, 0.207843)
Part44.Velocity = Vector3.new(0, -460.100372, 0)
Part44.Size = Vector3.new(0.132704243, 0.132704243, 0.265408486)
Part44.BottomSurface = Enum.SurfaceType.Smooth
Part44.BrickColor = BrickColor.new("Black")
Part44.CanCollide = false
Part44.TopSurface = Enum.SurfaceType.Smooth
Part44.brickColor = BrickColor.new("Black")
Weld45.Parent = Part44
Weld45.C1 = CFrame.new(-0.988891602, 0.0174407959, -0.00811767578, 0.866040111, 0.499974549, -5.49852848e-06, -5.49852848e-06, 2.05039978e-05, 1.00000012, 0.499974549, -0.86604017, 2.05039978e-05)
Weld45.Part0 = Part7
Weld45.Part1 = Part44
Weld45.part1 = Part44
Part46.Parent = Model27
Part46.CFrame = CFrame.new(-139.137497, 712.460571, -0.553538263, -0.558106065, 4.7401405e-05, -0.829769611, -0.829769611, -7.33851775e-05, 0.558105946, -3.44046093e-05, 0.99999994, 8.03026996e-05)
Part46.Orientation = Vector3.new(-33.9199982, -89.9899979, -90.0099945)
Part46.Position = Vector3.new(-139.137497, 712.460571, -0.553538263)
Part46.Rotation = Vector3.new(-89.9899979, -56.079998, -180)
Part46.Color = Color3.new(0.105882, 0.164706, 0.207843)
Part46.Velocity = Vector3.new(0, -460.100372, 0)
Part46.Size = Vector3.new(0.132704243, 0.132704243, 0.265408486)
Part46.BottomSurface = Enum.SurfaceType.Smooth
Part46.BrickColor = BrickColor.new("Black")
Part46.CanCollide = false
Part46.TopSurface = Enum.SurfaceType.Smooth
Part46.brickColor = BrickColor.new("Black")
Weld47.Parent = Part46
Weld47.C1 = CFrame.new(-0.984863281, 0.0174407363, -0.0233459473, 0.707060337, 0.707153201, -3.32891941e-05, -3.32891941e-05, 8.04066658e-05, 0.99999994, 0.707153201, -0.707060277, 8.04066658e-05)
Weld47.Part0 = Part7
Weld47.Part1 = Part46
Weld47.part1 = Part46
Part48.Parent = Model27
Part48.CFrame = CFrame.new(-138.555344, 714.158203, -0.553567648, 0.068566829, -7.11361135e-05, 0.99764663, 0.997646689, 6.13920129e-05, -0.0685667694, -5.62467867e-05, 1, 7.50938416e-05)
Part48.Orientation = Vector3.new(3.92999983, 90, 90)
Part48.Position = Vector3.new(-138.555344, 714.158203, -0.553567648)
Part48.Rotation = Vector3.new(89.9399948, 86.0699997, 0.0599999987)
Part48.Color = Color3.new(0.105882, 0.164706, 0.207843)
Part48.Velocity = Vector3.new(0, -460.100372, 0)
Part48.Size = Vector3.new(0.132704243, 0.132704243, 0.265408486)
Part48.BottomSurface = Enum.SurfaceType.Smooth
Part48.BrickColor = BrickColor.new("Black")
Part48.CanCollide = false
Part48.TopSurface = Enum.SurfaceType.Smooth
Part48.brickColor = BrickColor.new("Black")
Weld49.Parent = Part48
Weld49.C1 = CFrame.new(-0.892211914, 0.0174483359, 0.0481719971, -0.258869529, -0.965912402, -5.71608543e-05, 5.71608543e-05, -7.46250153e-05, 1, -0.965912402, 0.258869469, 7.44462013e-05)
Weld49.Part0 = Part7
Weld49.Part1 = Part48
Weld49.part1 = Part48
Part50.Parent = Model27
Part50.CFrame = CFrame.new(-138.920258, 712.352783, -0.553518116, -0.32432431, 1.48691815e-05, -0.945945978, -0.945945978, -1.87121677e-05, 0.32432431, -1.29118198e-05, 1, 2.0114876e-05)
Part50.Orientation = Vector3.new(-18.9200001, -90, -90)
Part50.Position = Vector3.new(-138.920258, 712.352783, -0.553518116)
Part50.Rotation = Vector3.new(-90, -71.0800018, -180)
Part50.Color = Color3.new(0.105882, 0.164706, 0.207843)
Part50.Velocity = Vector3.new(0, -460.100372, 0)
Part50.Size = Vector3.new(0.132704243, 0.132704243, 0.265408486)
Part50.BottomSurface = Enum.SurfaceType.Smooth
Part50.BrickColor = BrickColor.new("Black")
Part50.CanCollide = false
Part50.TopSurface = Enum.SurfaceType.Smooth
Part50.brickColor = BrickColor.new("Black")
Weld51.Parent = Part50
Weld51.C1 = CFrame.new(-0.976806641, 0.0174407363, -0.0369873047, 0.499938965, 0.866060615, -1.18613243e-05, -1.18613243e-05, 2.05039978e-05, 1, 0.866060615, -0.499938965, 2.05039978e-05)
Weld51.Part0 = Part7
Weld51.Part1 = Part50
Weld51.part1 = Part50
Part52.Parent = Model27
Part52.CFrame = CFrame.new(-138.682709, 712.304688, -0.55346334, -0.0685667098, -7.11361135e-05, -0.99764663, -0.99764663, 6.13920129e-05, 0.0685667694, 5.62467867e-05, 1, -7.52726555e-05)
Part52.Orientation = Vector3.new(-3.92999983, -90, -90)
Part52.Position = Vector3.new(-138.682709, 712.304688, -0.55346334)
Part52.Rotation = Vector3.new(-90.0599976, -86.0699997, 179.940002)
Part52.Color = Color3.new(0.105882, 0.164706, 0.207843)
Part52.Velocity = Vector3.new(0, -460.100372, 0)
Part52.Size = Vector3.new(0.132704243, 0.132704243, 0.265408486)
Part52.BottomSurface = Enum.SurfaceType.Smooth
Part52.BrickColor = BrickColor.new("Black")
Part52.CanCollide = false
Part52.TopSurface = Enum.SurfaceType.Smooth
Part52.brickColor = BrickColor.new("Black")
Weld53.Parent = Part52
Weld53.C1 = CFrame.new(-0.965637207, 0.0174485147, -0.0481414795, 0.25886941, 0.965912402, 5.71608543e-05, 5.71608543e-05, -7.46250153e-05, 1, 0.965912402, -0.258869469, -7.46250153e-05)
Weld53.Part0 = Part7
Weld53.Part1 = Part52
Weld53.part1 = Part52
Part54.Parent = Model27
Part54.CFrame = CFrame.new(-137.740356, 712.930237, -0.553500116, 0.945932508, 7.5636359e-07, -0.324363172, -0.324363202, 2.04334865e-05, -0.945932627, 5.91740945e-06, 0.99999994, 1.95726952e-05)
Part54.Orientation = Vector3.new(71.0699997, -90, -90)
Part54.Position = Vector3.new(-137.740356, 712.930237, -0.553500116)
Part54.Rotation = Vector3.new(90, -18.9300003, 0)
Part54.Color = Color3.new(0.105882, 0.164706, 0.207843)
Part54.Velocity = Vector3.new(0, -460.100372, 0)
Part54.Size = Vector3.new(0.132704243, 0.132704243, 0.265408486)
Part54.BottomSurface = Enum.SurfaceType.Smooth
Part54.BrickColor = BrickColor.new("Black")
Part54.CanCollide = false
Part54.TopSurface = Enum.SurfaceType.Smooth
Part54.brickColor = BrickColor.new("Black")
Weld55.Parent = Part54
Weld55.C1 = CFrame.new(-0.891845703, 0.0174407959, -0.0478515625, -0.866039991, 0.499974549, 5.5283308e-06, -5.5283308e-06, -2.06232071e-05, 0.99999994, 0.499974549, 0.866040051, 2.06232071e-05)
Weld55.Part0 = Part7
Weld55.Part1 = Part54
Weld55.part1 = Part54
Part56.Parent = Model27
Part56.CFrame = CFrame.new(-138.440628, 712.319763, -0.553491771, 0.192030728, -7.08789685e-07, -0.981388927, -0.981388927, -8.67510437e-07, -0.192030728, -7.15255737e-07, 1, -8.62186994e-07)
Part56.Orientation = Vector3.new(11.0699997, -90, -90)
Part56.Position = Vector3.new(-138.440628, 712.319763, -0.553491771)
Part56.Rotation = Vector3.new(90, -78.9300003, 0)
Part56.Color = Color3.new(0.105882, 0.164706, 0.207843)
Part56.Velocity = Vector3.new(0, -460.100372, 0)
Part56.Size = Vector3.new(0.132704243, 0.132704243, 0.265408486)
Part56.BottomSurface = Enum.SurfaceType.Smooth
Part56.BrickColor = BrickColor.new("Black")
Part56.CanCollide = false
Part56.TopSurface = Enum.SurfaceType.Smooth
Part56.brickColor = BrickColor.new("Black")
Weld57.Parent = Part56
Weld57.C1 = CFrame.new(-0.951965332, 0.0174255371, -0.0560150146, 0, 1, 0, 0, 0, 1, 1, 0, 0)
Weld57.Part0 = Part7
Weld57.Part1 = Part56
Weld57.part1 = Part56
Part58.Parent = Model27
Part58.CFrame = CFrame.new(-137.692291, 713.167725, -0.553503931, 0.997653842, -1.5432397e-06, -0.0684642494, -0.0684642345, 1.20879686e-05, -0.997653723, 2.31666331e-06, 1.00000012, 1.16625779e-05)
Part58.Orientation = Vector3.new(86.0699997, -89.9899979, -89.9899979)
Part58.Position = Vector3.new(-137.692291, 713.167725, -0.553503931)
Part58.Rotation = Vector3.new(90, -3.92999983, 0)
Part58.Color = Color3.new(0.105882, 0.164706, 0.207843)
Part58.Velocity = Vector3.new(0, -460.100372, 0)
Part58.Size = Vector3.new(0.132704243, 0.132704243, 0.265408486)
Part58.BottomSurface = Enum.SurfaceType.Smooth
Part58.BrickColor = BrickColor.new("Black")
Part58.CanCollide = false
Part58.TopSurface = Enum.SurfaceType.Smooth
Part58.brickColor = BrickColor.new("Black")
Weld59.Parent = Part58
Weld59.C1 = CFrame.new(-0.880767822, 0.0174408555, -0.0368041992, -0.965939164, 0.258770227, 1.66893005e-06, -1.66893005e-06, -1.28746033e-05, 1.00000012, 0.258770227, 0.965939045, 1.257658e-05)
Weld59.Part0 = Part7
Weld59.Part1 = Part58
Weld59.part1 = Part58
Part60.Parent = Model27
Part60.CFrame = CFrame.new(-137.84819, 712.713074, -0.553500235, -0.829770029, 2.31869126e-06, 0.558105588, 0.558105588, 1.45442209e-05, 0.829770148, -6.03463195e-06, 1.00000012, -1.34281199e-05)
Part60.Orientation = Vector3.new(-56.079998, 90, 90)
Part60.Position = Vector3.new(-137.84819, 712.713074, -0.553500235)
Part60.Rotation = Vector3.new(-90, 33.9199982, -180)
Part60.Color = Color3.new(0.105882, 0.164706, 0.207843)
Part60.Velocity = Vector3.new(0, -460.100372, 0)
Part60.Size = Vector3.new(0.132704243, 0.132704243, 0.265408486)
Part60.BottomSurface = Enum.SurfaceType.Smooth
Part60.BrickColor = BrickColor.new("Black")
Part60.CanCollide = false
Part60.TopSurface = Enum.SurfaceType.Smooth
Part60.brickColor = BrickColor.new("Black")
Weld61.Parent = Part60
Weld61.C1 = CFrame.new(0.905578613, 0.0174409151, 0.0558166504, 0.707153678, -0.707059979, -5.93066216e-06, -5.93066216e-06, -1.45435333e-05, 1.00000012, -0.707059979, -0.707153797, -1.45435333e-05)
Weld61.Part0 = Part7
Weld61.Part1 = Part60
Weld61.part1 = Part60
Part62.Parent = Model27
Part62.CFrame = CFrame.new(-138.317719, 714.110229, -0.553501844, 0.32432431, 1.48691815e-05, 0.945945978, 0.945945978, -1.87121677e-05, -0.32432431, 1.29118198e-05, 1, -2.0114876e-05)
Part62.Orientation = Vector3.new(18.9200001, 90, 90)
Part62.Position = Vector3.new(-138.317719, 714.110229, -0.553501844)
Part62.Rotation = Vector3.new(90, 71.0800018, 0)
Part62.Color = Color3.new(0.105882, 0.164706, 0.207843)
Part62.Velocity = Vector3.new(0, -460.100372, 0)
Part62.Size = Vector3.new(0.132704243, 0.132704243, 0.265408486)
Part62.BottomSurface = Enum.SurfaceType.Smooth
Part62.BrickColor = BrickColor.new("Black")
Part62.CanCollide = false
Part62.TopSurface = Enum.SurfaceType.Smooth
Part62.brickColor = BrickColor.new("Black")
Weld63.Parent = Part62
Weld63.C1 = CFrame.new(-0.881103516, 0.0174484253, 0.0370178223, -0.499938965, -0.866060615, 1.18613243e-05, -1.18613243e-05, 2.05039978e-05, 1, -0.866060615, 0.499938965, -2.05039978e-05)
Weld63.Part0 = Part7
Weld63.Part1 = Part62
Weld63.part1 = Part62
Part64.Parent = Model27
Part64.CFrame = CFrame.new(-138.210709, 712.397034, -0.553497016, 0.439536422, 1.18634489e-05, -0.898224831, -0.898224831, 2.4428884e-05, -0.439536422, 1.67282597e-05, 1, 2.13933909e-05)
Part64.Orientation = Vector3.new(26.0699997, -90, -90)
Part64.Position = Vector3.new(-138.210709, 712.397034, -0.553497016)
Part64.Rotation = Vector3.new(90, -63.9300003, 0)
Part64.Color = Color3.new(0.105882, 0.164706, 0.207843)
Part64.Velocity = Vector3.new(0, -460.100372, 0)
Part64.Size = Vector3.new(0.132704243, 0.132704243, 0.265408486)
Part64.BottomSurface = Enum.SurfaceType.Smooth
Part64.BrickColor = BrickColor.new("Black")
Part64.CanCollide = false
Part64.TopSurface = Enum.SurfaceType.Smooth
Part64.brickColor = BrickColor.new("Black")
Weld65.Parent = Part64
Weld65.C1 = CFrame.new(-0.936645508, 0.0174484253, -0.060043335, -0.25886941, 0.965912342, 1.719594e-05, -1.719594e-05, -2.24113464e-05, 1, 0.965912342, 0.25886941, 2.24113464e-05)
Weld65.Part0 = Part7
Weld65.Part1 = Part64
Weld65.part1 = Part64
Part66.Parent = Model27
Part66.CFrame = CFrame.new(-138.008789, 712.531067, -0.553494453, 0.656944811, 6.99438488e-06, -0.753938675, -0.753938675, 2.15326236e-05, -0.656944811, 1.16729107e-05, 1, 1.93997075e-05)
Part66.Orientation = Vector3.new(41.0699997, -90, -90)
Part66.Position = Vector3.new(-138.008789, 712.531067, -0.553494453)
Part66.Rotation = Vector3.new(90, -48.9300003, 0)
Part66.Color = Color3.new(0.105882, 0.164706, 0.207843)
Part66.Velocity = Vector3.new(0, -460.100372, 0)
Part66.Size = Vector3.new(0.132704243, 0.132704243, 0.265408486)
Part66.BottomSurface = Enum.SurfaceType.Smooth
Part66.BrickColor = BrickColor.new("Black")
Part66.CanCollide = false
Part66.TopSurface = Enum.SurfaceType.Smooth
Part66.brickColor = BrickColor.new("Black")
Weld67.Parent = Part66
Weld67.C1 = CFrame.new(-0.920837402, 0.0174408555, -0.0600280762, -0.499938965, 0.866060615, 1.18613243e-05, -1.18613243e-05, -2.05039978e-05, 1, 0.866060615, 0.499938965, 2.05039978e-05)
Weld67.Part0 = Part7
Weld67.Part1 = Part66
Weld67.part1 = Part66
Part68.Parent = Model27
Part68.CFrame = CFrame.new(-137.707306, 713.409912, -0.553490341, 0.981388927, -7.08789685e-07, 0.192030728, 0.192030728, -8.67510437e-07, -0.981388927, 8.62186994e-07, 1, -7.15255737e-07)
Part68.Orientation = Vector3.new(78.9300003, 90, 90)
Part68.Position = Vector3.new(-137.707306, 713.409912, -0.553490341)
Part68.Rotation = Vector3.new(90, 11.0699997, 0)
Part68.Color = Color3.new(0.105882, 0.164706, 0.207843)
Part68.Velocity = Vector3.new(0, -460.100372, 0)
Part68.Size = Vector3.new(0.132704243, 0.132704243, 0.265408486)
Part68.BottomSurface = Enum.SurfaceType.Smooth
